2 130 32 0 120
2 181 32 0 174
2 232 32 0 49
2 283 32 0 303
2 436 32 0 201
2 487 32 0 72
2 538 32 0 234
2 589 32 0 59
2 640 32 0 11
1 130 67 1
1 181 67 1
1 232 67 1
1 283 67 1
1 436 67 1
1 487 67 1
1 538 67 1
1 589 67 1
1 640 67 1
1 130 102 1
1 181 102 1
1 232 102 1
1 283 102 1
1 436 102 1
1 487 102 1
1 538 102 1
1 589 102 1
1 640 102 1
1 130 137 2
1 181 137 2
1 232 137 2
1 283 137 2
1 436 137 2
1 487 137 2
1 538 137 2
1 589 137 2
1 640 137 2
4 115 391 1
4 275 391 2
0 391 504 3 11192
5 800 300 300 2 44
6 253 572 b
6 661 400 b
6 559 356 b
6 610 308 b
6 401 19 r
6 304 280 b
6 202 216 b
6 405 355 r
6 304 96 b
7 260
