2 130 32 0 106
2 181 32 0 102
2 232 32 0 64
2 283 32 0 124
2 334 32 0 97
2 385 32 0 14
2 436 32 0 194
2 487 32 0 45
2 538 32 0 129
2 589 32 0 118
2 640 32 0 4
1 130 67 1
1 181 67 1
1 232 67 1
1 283 67 1
1 436 67 1
1 487 67 1
1 538 67 1
1 589 67 1
1 640 67 1
1 130 102 1
1 181 102 1
1 232 102 1
1 283 102 1
1 436 102 1
1 487 102 1
1 538 102 1
1 589 102 1
1 640 102 1
1 130 137 2
1 181 137 2
1 232 137 2
1 283 137 2
1 436 137 2
1 487 137 2
1 538 137 2
1 589 137 2
1 640 137 2
4 115 391 3
4 275 391 3
4 435 391 3
4 595 391 2
0 335 504 3 9072
5 471 300 300 0 100
6 406 580 b
6 508 316 b
6 151 300 b
6 355 260 b
6 661 212 b
6 202 148 b
7 100
