2 130 32 0 178
2 181 32 0 50
2 232 32 0 176
2 283 32 0 67
2 334 32 0 19
2 436 32 0 184
2 487 32 0 85
2 538 32 0 140
2 589 32 0 0
2 640 32 0 135
1 130 67 1
1 181 67 1
1 232 67 1
1 283 67 1
1 334 67 1
1 436 67 1
1 487 67 1
1 538 67 1
1 589 67 1
1 640 67 1
1 130 102 1
1 181 102 1
1 232 102 1
1 283 102 1
1 334 102 1
1 436 102 1
1 487 102 1
1 538 102 1
1 589 102 1
1 640 102 1
1 130 137 2
1 181 137 2
1 232 137 2
1 283 137 2
1 334 137 2
1 436 137 2
1 487 137 2
1 538 137 2
1 589 137 2
1 640 137 2
0 383 504 3 6970
5 226 300 300 0 100
6 661 508 b
6 151 436 b
6 457 296 b
6 559 136 b
6 661 112 b
6 610 68 b
7 80
