0 444 500 2 0
1 15 204 2
1 15 241 2
1 15 167 1
1 68 204 2
1 68 241 2
1 68 167 1
1 121 204 2
1 121 241 2
1 121 167 1
1 174 204 2
1 174 241 2
1 174 167 1
1 227 204 2
1 227 241 2
1 227 167 1
1 280 204 2
1 280 241 2
1 280 167 1
1 492 204 2
1 492 241 2
1 492 167 1
1 545 204 2
1 545 241 2
1 545 167 1
2 15 130 0 243
2 68 130 0 40
2 121 130 0 191
2 174 130 0 132
2 227 130 0 58
2 280 130 0 69
2 492 130 0 290
2 545 130 0 132
4 0 400 2
4 600 325 1
4 600 400 4
4 700 325 4
4 700 400 4
5 800 10 10 0 696
5 800 10 10 2 13
3 0 0 2 12
6 137 530 b
6 243 502 b
6 158 238 b
6 513 182 b
7 710
