0
0 383 504 3
1 202 32 0
1 253 32 0
1 304 32 0
1 355 32 0
1 406 32 0
1 457 32 0
1 508 32 0
1 559 32 0
1 610 32 0
1 661 32 0
1 712 32 0
1 202 67 1
1 253 67 1
1 304 67 1
1 355 67 1
1 406 67 1
1 457 67 1
1 508 67 1
1 559 67 1
1 610 67 1
1 661 67 1
1 712 67 1
1 202 102 2
1 253 102 2
1 304 102 2
1 355 102 2
1 406 102 2
1 457 102 2
1 508 102 2
1 559 102 2
1 610 102 2
1 661 102 2
1 712 102 2
1 202 137 2
1 253 137 2
1 304 137 2
1 355 137 2
1 406 137 2
1 457 137 2
1 508 137 2
1 559 137 2
1 610 137 2
1 661 137 2
1 712 137 2
2 115 391 3
2 275 391 3
2 435 391 3
2 595 391 3
