30
0 458 504 3
1 102 32 0
1 153 32 0
1 204 32 0
1 255 32 0
1 306 32 0
1 357 32 0
1 408 32 0
1 459 32 0
1 510 32 0
1 561 32 0
1 612 32 0
1 102 67 1
1 153 67 1
1 204 67 1
1 255 67 1
1 306 67 1
1 357 67 1
1 408 67 1
1 459 67 1
1 510 67 1
1 561 67 1
1 612 67 1
1 102 102 2
1 153 102 2
1 204 102 2
1 306 102 2
1 357 102 2
1 408 102 2
1 459 102 2
1 510 102 2
1 561 102 2
1 612 102 2
1 102 137 2
1 153 137 2
1 306 137 2
1 357 137 2
1 408 137 2
1 459 137 2
1 510 137 2
1 561 137 2
1 612 137 2
2 115 391 3
2 275 391 1
2 595 391 3
